
----------------------------------------------------------------------------
KEY: 0.83427 (a , 0.80828)
KEY: 3.6103 (a , 0.57078)
TIMEOUT: 8.8176
KEY: 11.5143 (a , 0.47223)
